B	D	Depth	Discharge	H	Latitude	Longitude	Q	Rp	SedQ	SedQ_err	Slope	Type	Width	WidthControl
6.23104	0.0152	0.4	1.1	0.607906	37.9972	-84.4056	12329.6	7539.49	nan	nan	0.0058	1	4.1	3
7.53366	0.0301	0.5	1.7	0.638446	38.0283	-84.4019	3453.01	21010	nan	nan	0.0073	1	5.9	1
9.85656	0.0308	0.6	2.1	0.70404	38.04	-84.4111	4027.24	21747.2	nan	nan	0.0046	1	8.4	2
6.61456	0.0385	0.4	1.8	0.499212	38.0208	-84.5939	1976	30392.6	nan	nan	0.0074	1	5.3	1
6.84081	0.0396	1	15	0.534438	38.2372	-85.6647	15346.8	31704.4	nan	nan	0.0037	1	12.8	2
11.562	0.045	0.5	4.7	0.425074	38.1947	-85.5572	3493.27	38405.7	nan	nan	0.0053	1	13.6	3
6.83986	0.0455	0.9	15.3	0.477199	39.03	-84.8042	11061.9	39047.5	nan	nan	0.0071	1	12.9	1
8.0167	0.0477	0.7	9.7	0.445372	37.9911	-85.6411	6232.2	41913.5	nan	nan	0.005	1	12.6	2
8.10974	0.0534	0.9	7.5	0.634676	nan	nan	3633.91	49646.5	nan	nan	0.0025	1	11.5	9
8.07641	0.0564	0.7	4.7	0.595104	38.2758	-85.6061	1986.39	53888.4	nan	nan	0.0053	1	9.5	3
7.79857	0.0595	0.9	10.6	0.552655	38.8444	-84.5322	3919.03	58391.8	nan	nan	0.0056	1	12.7	2
6.98301	0.0607	0.5	4.4	0.436438	38.9867	-84.3653	1547.56	60167.2	nan	nan	0.0184	1	8	3
12.1354	0.0623	0.9	7.6	0.631322	38.0736	-84.4133	2504.72	62561.7	nan	nan	0.0032	1	17.3	1
3.77317	0.0787	1.5	57.8	0.467363	38.845	-84.7208	10620.8	88825.7	nan	nan	0.0053	1	12.11	2
9.56	0.0828	0.8	7.7	0.558248	38.3125	-85.6258	1246.18	95856.6	nan	nan	0.0061	1	13.7	2
5.63099	0.0831	1	21.2	0.465371	38.9806	-84.5417	3400.16	96378	nan	nan	0.0051	1	12.1	2
4.12315	0.0848	1	46.4	0.340194	38.9942	-84.7161	7074.47	99350.5	nan	nan	0.0035	1	12.12	2
3.13262	0.0872	2.2	92.6	0.567691	38.1883	-85.4603	13167	103598	nan	nan	0.001	1	12.14	2
6.801	0.1041	0.8	11.9	0.469035	38.0667	-84.5544	1086.64	135130	nan	nan	0.005	1	11.6	1
8.80014	0.1307	1	30.6	0.401833	38.1036	-84.5881	1581.97	190103	nan	nan	0.0029	1	21.9	1
4.46035	0.1317	1.2	38.2	0.441255	38.9514	-84.3383	1937.6	192289	nan	nan	0.0025	1	12.13	2
10.1046	0.1443	0.8	12.9	0.454138	37.9344	-84.5022	520.702	220534	nan	nan	0.0034	1	17.8	2
8.72588	0.194	0.7	15.4	0.370189	38.0597	-84.6264	296.607	343779	nan	nan	0.0028	1	16.5	2
12.5922	0.024	0.972	85.2	0.259313	40.9366	-106.339	304844	14958.7	nan	nan	0.0014	1	47.2	1
14.4199	0.034	1.85	255	0.318339	40.5028	-108.033	381952	25222.9	nan	nan	0.00088	1	83.8	2
7.93832	0.043	0.731	22.6	0.331595	39.8339	-106.056	18819.3	35873.9	nan	nan	0.0044	1	17.5	1
8.37102	0.046	0.518	7.08	0.373809	38.395	-106.423	4980.86	39692.9	nan	nan	0.0046	1	11.6	1
4.23183	0.049	0.201	0.697	0.366637	40.4961	-105.864	418.705	43638.6	nan	nan	0.026	1	2.32	2
9.12192	0.064	1.45	101	0.361388	40.5147	-106.953	31119.8	65139.8	nan	nan	0.0037	1	36.6	1
6.21886	0.073	0.427	8.36	0.288323	39.7958	-106.03	1853.81	79352.5	nan	nan	0.015	1	9.21	2
8.81523	0.079	0.878	42	0.310834	38.2989	-107.229	7644.46	89334.1	nan	nan	0.0058	1	24.9	1
9.63152	0.091	0.911	37.5	0.337473	38.6644	-106.847	4792.84	110443	nan	nan	0.0067	1	26	2
11.3504	0.098	0.844	49	0.28093	39.2326	-107.228	5203.51	123429	nan	nan	0.0058	1	34.1	2
8.69398	0.122	1.13	72.2	0.322105	40.9994	-107.143	4434.08	171442	nan	nan	0.0071	1	30.5	1
6.84511	0.079	0.518	6.4	0.389217	39.1722	-106.389	1164.87	89334.1	nan	nan	0.017	1	9.11	2
5.80315	0.058	0.41	2	0.490575	39.4317	-120.237	788.18	56197.7	nan	nan	0.01	1	4.85	2
5.62244	0.025	0.58	7.1	0.418079	37.1642	-112.958	22939	15903.3	0.0180169	0.00574709	0.004	1	7.8	2
12.7001	0.01813	1.21006	27.0143	0.511095	42.2561	-71.2606	194879	9821.4	nan	nan	0.0008	1	30.0685	3
13.8735	0.01832	0.621792	5.15367	0.509486	42.6825	-72.1156	36221.6	9976.19	nan	nan	0.002	1	16.9316	1
8.36879	0.02964	0.71628	8.35347	0.483804	41.9475	-71.1772	17633.4	20530.2	nan	nan	0.0024	1	12.3901	2
8.27399	0.03807	0.50292	4.61565	0.430665	42.265	-72.0053	5211.24	29884.8	nan	nan	0.0053	1	9.66216	2
8.14192	0.05001	0.399288	6.39961	0.300026	42.1903	-70.9453	3653.23	44994.7	nan	nan	0.0046	1	10.8356	3
9.75518	0.06588	1.04546	34.2634	0.401523	41.9964	-71.5631	9820.01	68031	nan	nan	0.0022	1	25.4	2
8.5745	0.06695	1.48133	86.9327	0.392023	42.6383	-72.7256	23931.6	69695.1	nan	nan	0.0052	1	32.4002	2
9.27354	0.07083	0.505968	7.75882	0.351997	41.9606	-72.7108	1855.32	75840.7	nan	nan	0.0064	1	13.33	2
9.81684	0.09281	0.972312	59.7485	0.298957	42.7033	-72.6711	7269.52	113755	nan	nan	0.0075	1	31.9278	2
7.9407	0.10169	0.59436	5.46515	0.47571	41.8403	-71.1433	529.142	130465	nan	nan	0.013	1	9.92124	2
9.53555	0.128	0.963168	98.2595	0.242709	42.2372	-72.8961	5351.99	184243	nan	nan	0.0066	1	37.8409	2
12.1433	0.17945	0.697992	14.3566	0.379632	42.0372	-72.9394	336.016	305838	nan	nan	0.0236	1	22.3266	2
8.05885	0.0158	1.53	27.8	0.638862	42.0817	-79.8506	282857	7990.28	nan	nan	0.001	1	19.3	1
4.32859	0.0207	0.55	5.7	0.432859	40.5203	-79.9383	29519.9	11982.1	nan	nan	0.011	1	5.5	2
10.0614	0.0269	1.55	67.7	0.453346	40.6292	-76.125	182127	17750.3	nan	nan	0.001	1	34.4	2
12.5522	0.0331	1.3	89.1	0.340664	40.5253	-75.8753	142716	24228.1	nan	nan	0.001	1	47.9	2
9.35067	0.0332	1.33	74.4	0.37459	41.8425	-77.2736	118275	24337.9	nan	nan	0.001	1	33.2	2
10.2732	0.0382	0.82	54.9	0.260807	40.6231	-75.4828	61458.1	30038	nan	nan	0.001	1	32.3	3
8.45156	0.0393	0.53	8.5	0.355502	40.1278	-77.5472	8863.46	31344.8	nan	nan	0.004	1	12.6	2
7.84037	0.041	0.26	4.3	0.229044	41.9919	-80.2914	4033.43	33400.4	nan	nan	0.012	1	8.9	2
6.91631	0.0434	0.52	5.4	0.418196	41.2161	-78.5833	4393.75	36375.7	nan	nan	0.007	1	8.6	2
9.33404	0.0446	1.46	79.9	0.399639	nan	nan	60726.1	37894.7	nan	nan	0.002	1	34.1	9
10.699	0.0453	0.95	49.6	0.314677	40.6617	-75.6272	36257.8	38790.4	nan	nan	0.003	1	32.3	2
10.2289	0.0495	1.56	97.7	0.394004	40.6111	-76.9122	57219.9	44308.2	nan	nan	0.002	1	40.5	2
7.50703	0.0506	1.22	49.8	0.403461	41.0617	-76.6806	27607	45793.3	nan	nan	0.001	1	22.7	2
14.189	0.0516	1.12	123	0.257982	40.3233	-77.1692	64930.1	47157.5	nan	nan	0.001	1	61.6	2
6.83408	0.0523	1.72	58.9	0.531883	41.4219	-80.3764	30062.6	48120.4	nan	nan	0.002	1	22.1	2
14.3396	0.0581	1.87	116.9	0.439592	40.5153	-77.4194	45871.2	56343.1	nan	nan	0.001	1	61	2
10.011	0.0584	0.84	20.2	0.398541	41.0592	-76.0939	7825.01	56780	nan	nan	0.006	1	21.1	2
7.41067	0.0614	0.57	8.6	0.380548	39.8983	-78.1325	2939.29	61210.9	nan	nan	0.008	1	11.1	2
9.71902	0.067	0.9	50.7	0.295511	41.5781	-78.6925	13931.1	69773.2	nan	nan	0.003	1	29.6	1
12.7417	0.0672	1.15	91.3	0.298431	39.8203	-79.3217	24900.8	70085.9	nan	nan	0.003	1	49.1	2
9.40615	0.0675	1.55	59.3	0.478017	40.8361	-79.1103	15994.1	70555.7	nan	nan	0.001	1	30.5	2
10.4634	0.0682	0.76	19.4	0.36646	41.7908	-77.015	5099.25	71656.1	nan	nan	0.009	1	21.7	2
7.71321	0.071	0.77	12	0.449937	40.3708	-77.4025	2852.34	76113.9	nan	nan	0.004	1	13.2	1
7.857	0.0735	0.7	7.1	0.504578	41.6311	-78.5769	1547.77	80169.2	nan	nan	0.009	1	10.9	1
8.43852	0.0778	0.78	25.1	0.339281	41.0594	-77.6061	4746.68	87306.4	nan	nan	0.006	1	19.4	2
9.93116	0.0817	0.38	2	0.45468	40.2661	-79.0169	334.688	93952.8	nan	nan	0.031	1	8.3	2
10.3654	0.0819	1	37.9	0.368874	41.4736	-77.2311	6303.69	94298	nan	nan	0.006	1	28.1	2
8.29482	0.0861	0.86	25.2	0.373484	41.7664	-78.7189	3698.78	101644	nan	nan	0.004	1	19.1	2
11.4674	0.0964	0.84	22.2	0.383771	40.8975	-75.5028	2456.55	120418	nan	nan	0.001	1	25.1	2
14.8485	0.0988	0.83	48.7	0.276949	nan	nan	5067.6	124943	nan	nan	0.004	1	44.5	9
13.2209	0.101	0.41	3.3	0.401525	41.5789	-78.2928	324.994	129139	nan	nan	0.014	1	13.5	2
12.8132	0.107	1.26	117.4	0.29569	41.5189	-78.0278	10008.6	140816	nan	nan	0.002	1	54.6	2
9.03213	0.11	0.76	30	0.307821	41.6906	-80.0483	2386.74	146780	nan	nan	0.004	1	22.3	1
7.66118	0.115	0.98	38.5	0.359232	41.3569	-76.535	2740.83	156900	nan	nan	0.01	1	20.9	2
10.6922	0.116	0.32	11.2	0.192219	41.7069	-76.1194	780.259	158951	nan	nan	0.013	1	17.8	2
13.2957	0.119	1.05	79.6	0.287844	41.4758	-77.8261	5202.49	165157	nan	nan	0.002	1	48.5	2
7.05672	0.119	0.79	27.8	0.32987	40.8069	-75.9722	1816.95	165157	nan	nan	0.007	1	16.9	2
11.8086	0.119	0.79	22.1	0.36158	41.3894	-77.6911	1444.41	165157	nan	nan	0.009	1	25.8	2
7.00708	0.121	0.71	21	0.331669	41.2808	-75.8961	1316.5	169338	nan	nan	0.012	1	15	3
13.7152	0.133	1.17	133.9	0.2605	41.4183	-77.0331	6627	195143	nan	nan	0.003	1	61.6	2
10.1874	0.18	1.45	70.5	0.417279	40.8214	-77.5833	1637.47	307245	nan	nan	0.006	1	35.4	2
11.2913	0.023	1.57277	68.1586	0.458765	40.2247	-76.8983	271248	14033.6	nan	nan	0.001	1	38.7096	2
10.0325	0.0562	0.64008	11.1002	0.385865	40.6411	-75.3797	4733.21	53602	nan	nan	0.003	1	16.6421	2
4.1079	0.04	0.24384	0.566337	0.483291	45.2991	-106.508	565.055	32186	nan	nan	0.014	1	2.0726	2
10.0611	0.0243	0.8	46.5	0.271921	39.9617	-75.8017	161288	15240	nan	nan	0.004	1	29.6	2
8.11075	0.0277	1.6	66.3	0.471898	40.2728	-75.6803	165760	18548	nan	nan	0.001	1	27.5	2
9.46189	0.0422	0.7	31.1	0.279465	39.9856	-75.8278	27142.2	34877.5	nan	nan	0.009	1	23.7	2
6.31003	0.0436	0.7	7.4	0.496294	nan	nan	5952.25	36627.4	nan	nan	0.004	1	8.9	9
6.98857	0.0481	1.3	50.2	0.428544	39.8689	-75.4086	31586.9	42441.8	nan	nan	0.002	1	21.2	2
9.49108	0.0894	1.1	40.8	0.393969	40.1514	-75.6017	5451.07	107543	nan	nan	0.004	1	26.5	1
8.72166	0.027	0.844296	27.4673	0.354243	39.4519	-76.9553	73210.4	17849.3	nan	nan	0.004	1	20.787	2
6.80869	0.015	1.02718	20.8695	0.481032	40.9825	-107.382	241796	7391.17	nan	nan	0.001	1	14.539	2
8.2521	0.0366	0.393192	5.72	0.309015	41.4392	-106.971	7126.22	28170.7	nan	nan	0.002	1	10.5	1
8.47089	0.0671	1.02108	36.3588	0.382957	40.5917	-107.32	9953.35	69929.5	nan	nan	0.004	1	22.586	1
11.0244	0.0744	0.957072	92.6527	0.246908	44.2075	-109.555	19592.6	81646.2	nan	nan	0.009	1	42.733	1
8.83047	0.0808	0.64008	13.1957	0.360077	42.7167	-108.643	2270.22	92404.6	nan	nan	0.005	1	15.6972	1
10.4013	0.09	0.408432	5.5501	0.324888	44.0278	-107.08	729.223	108628	nan	nan	0.01	1	13.0759	1
7.51394	0.1046	0.755904	26.363	0.322406	45.0071	-107.615	2378.65	136105	nan	nan	0.01	1	17.617	1
8.93371	0.1149	0.789432	30.0442	0.319554	44.9923	-110.691	2143.51	156695	nan	nan	0.011	1	22.07	2
6.29181	0.1332	0.911352	27.6089	0.381593	41.5853	-106.222	1361.3	195584	nan	nan	0.014	1	15.0266	2
9.22276	0.1396	0.734568	31.0069	0.293618	44.565	-107.712	1359.6	209848	nan	nan	0.013	1	23.0734	2
8.7494	0.15	0.691896	24.8056	0.302381	45.0861	-109.329	908.838	233729	nan	nan	0.014	1	20.02	1
10.4619	0.1586	1.23749	149.711	0.263495	44.4697	-109.43	4771.57	254116	nan	nan	0.012	1	49.1338	1
13.4101	0.0195	1.33	49.8	0.439839	-42.6403	-70.4171	299439	10955.4	nan	nan	0.001	1	40.55	1
22.0741	0.0269	0.57	25.6	0.245987	-42.7251	-70.5023	68869.2	17750.3	nan	nan	0.0027	1	51.15	1
21.9877	0.027	0.77	41.7	0.273382	-45.4258	-70.1666	111146	17849.3	nan	nan	0.0015	1	61.93	2
12.3011	0.0288	1.18	78.4	0.325454	-42.131	-71.1437	177828	19663.7	nan	nan	0.0022	1	44.6	1
18.236	0.0356	1.23	220	0.224528	45.9153	11.9474	293740	27024.1	nan	nan	0.0022	1	99.9	2
10.1421	0.0437	1.01	45.5	0.346299	-42.2137	-71.2508	36389.3	36753.5	nan	nan	0.0053	1	29.58	1
11.0897	0.0482	1.42	350	0.215276	45.9701	11.6878	219087	42574.3	nan	nan	0.0056	1	73.15	2
10.1312	0.0491	0.59	83	0.159058	46.1525	12.1253	49606.6	43772.2	nan	nan	0.006	1	37.58	2
13.9739	0.0503	0.62	57	0.194256	46.3931	12.3564	32071.6	45386.7	nan	nan	0.0054	1	44.6	2
9.20439	0.0521	0.28	4.23	0.248288	-42.8524	-71.4268	2179.77	47844.6	nan	nan	0.0185	1	10.38	1
14.647	0.0601	0.78	49.8	0.257951	-41.9937	-71.5476	17956	59277.3	nan	nan	0.0113	1	44.29	2
17.8007	0.0673	0.86	77.1	0.238787	-42.0118	-71.5673	20949.9	70242.4	nan	nan	0.0044	1	64.11	2
7.63422	0.0151	0.5	3.2	0.495728	39.5144	-77.7772	36464.7	7465.21	nan	nan	0.0047	1	7.7	2
8.19275	0.0198	0.9	22.1	0.411926	38.6067	-78.8036	127907	11209.2	nan	nan	0.0027	1	17.9	2
10.2592	0.0219	1.4	38.2	0.514798	38.6933	-78.6431	171838	13039	nan	nan	0.0022	1	27.9	2
7.27841	0.022	0.9	9.2	0.584872	36.6536	-82.3544	40916.3	13128.4	nan	nan	0.0036	1	11.2	2
8.31073	0.0256	1.1	19.3	0.5315	37.2714	-81.305	58765.6	16479.2	nan	nan	0.0017	1	17.2	2
7.03521	0.028	0.7	29.7	0.284662	nan	nan	72281.5	18850.1	nan	nan	0.0053	1	17.3	9
5.70979	0.0323	0.5	2.6	0.53866	nan	nan	4427.23	23355	nan	nan	0.0035	1	5.3	9
6.99398	0.0324	0.6	5.1	0.493693	38.7622	-78.685	8617.34	23463.6	nan	nan	0.0059	1	8.5	2
8.73111	0.0329	1.6	75	0.449189	39.0811	-78.3297	121966	24008.8	nan	nan	0.0026	1	31.1	2
9.13194	0.0368	1.6	102.8	0.395965	39.5119	-78.0375	126339	28402	nan	nan	0.003	1	36.9	2
8.3213	0.0374	0.7	7.5	0.493637	37.4175	-79.9356	8852.13	29099.4	nan	nan	0.0044	1	11.8	2
7.36509	0.0461	1.2	68.5	0.349332	36.8072	-81.6222	47929.6	39822.4	nan	nan	0.0033	1	25.3	2
6.69904	0.0472	1.6	44.7	0.552498	nan	nan	29486.1	41256.2	nan	nan	0.0011	1	19.4	9
11.0875	0.0489	1.1	78.4	0.303389	39.5531	-78.555	47337.9	43505.1	nan	nan	0.0028	1	40.2	2
6.6876	0.0503	0.8	17.8	0.39926	39.2144	-78.2883	10015.3	45386.7	nan	nan	0.0054	1	13.4	2
10.4602	0.0506	1.5	67.4	0.439502	37.7289	-80.0425	37363.6	45793.3	nan	nan	0.0022	1	35.7	2
10.4036	0.0514	0.9	34.3	0.345508	nan	nan	18283.2	46883.6	nan	nan	0.0073	1	27.1	9
3.92471	0.0547	0.3	1.6	0.392471	39.6908	-78.1272	729.99	51470.4	nan	nan	0.0241	1	3	2
19.525	0.0552	0.9	66.8	0.264646	36.8967	-81.7464	29791.6	52177.7	nan	nan	0.0016	1	66.4	2
11.1492	0.0558	1.7	104.8	0.417482	38.6369	-78.8531	45492.7	53030.8	nan	nan	0.0016	1	45.4	2
8.03302	0.0616	0.5	3.1	0.502064	38.93	-78.5453	1050.93	61510.3	nan	nan	0.0228	1	8	2
8.69761	0.0627	1	32.6	0.391784	36.7603	-81.6314	10573.4	63165.2	nan	nan	0.0022	1	22.2	1
11.0988	0.0636	0.8	14.7	0.431019	36.9622	-81.4725	4600.87	64530.1	nan	nan	0.0036	1	20.6	2
12.4321	0.0652	1.1	85.2	0.293461	36.9389	-80.8875	25060.3	66980.4	nan	nan	0.0033	1	46.6	2
10.0614	0.0657	1.4	67.7	0.409474	37.14	-80.2667	19536.2	67752.4	nan	nan	0.0024	1	34.4	2
9.88408	0.073	0.4	4	0.362719	38.325	-79.4372	886.989	79352.5	nan	nan	0.0055	1	10.9	2
7.5633	0.0731	1.3	80.4	0.354956	nan	nan	17767.6	79515.6	nan	nan	0.0013	1	27.7	9
5.23796	0.0759	0.4	6.7	0.295096	37.5908	-79.6344	1347.83	84127.7	nan	nan	0.022	1	7.1	2
9.69005	0.0828	1.5	81.6	0.407145	37.8028	-80.0472	13206.3	95856.6	nan	nan	0.0035	1	35.7	2
8.43268	0.103	1.3	83.8	0.349124	38.6356	-79.3381	7858.08	132994	nan	nan	0.0052	1	31.4	2
9.53481	0.108	0.6	13.1	0.338514	nan	nan	1091.13	142795	nan	nan	0.0119	1	16.9	9
11.1337	0.109	1	34	0.38525	38.6314	-79.2439	2767.44	144783	nan	nan	0.0035	1	28.9	2
13.0588	0.12	1.2	91.2	0.311542	39.6694	-78.7878	5837.24	167243	nan	nan	0.0035	1	50.3	2
10.4385	0.123	1.4	94.6	0.358183	38.2186	-78.8369	5692.38	173554	nan	nan	0.0048	1	40.8	2
8.43052	0.135	0.8	15.3	0.424177	nan	nan	729.495	199562	nan	nan	0.019	1	15.9	9
7.32017	0.137	1.3	59.7	0.399841	38.9581	-78.2669	2743.71	204013	nan	nan	0.0124	1	23.8	2
9.87631	0.149	1.5	62	0.454431	38.0422	-79.8817	2309.89	231396	nan	nan	0.0038	1	32.6	2
10.9584	0.176	1.4	66.5	0.412414	nan	nan	1633.82	297061	nan	nan	0.0031	1	37.2	9
8.45137	0.2	1.1	63.7	0.329663	38.1953	-79.5706	1136.92	359850	nan	nan	0.0095	1	28.2	2
12.1562	0.038	3.84	1020	0.379512	51.463	-112.701	1.15693e+06	29802.4	nan	nan	0.00035	1	123	3
11.832	0.042	1.16	122	0.26807	53.5599	-117.921	107746	34629.8	nan	nan	0.0054	1	51.2	1
9.4037	0.043	1.22	62.3	0.368891	52.2701	-114.943	51877.9	35873.9	nan	nan	0.0036	1	31.1	1
10.7468	0.045	0.945	42.5	0.332974	49.6036	-114.416	31588.1	38405.7	nan	nan	0.0024	1	30.5	2
9.07878	0.051	2.04	113	0.486108	53.5779	-116.233	61421.2	46337.4	nan	nan	0.00055	1	38.1	1
10.5533	0.052	0.579	11.9	0.339464	49.3	-113.82	6161.75	47706.9	nan	nan	0.011	1	18	1
9.55456	0.054	1.4	29.4	0.57164	53.9325	-115.12	13852.5	50485.6	nan	nan	0.002	1	23.4	1
15.3219	0.056	0.975	113	0.232331	49.4979	-114.18	48615.4	53316.1	nan	nan	0.0032	1	64.3	1
12.7667	0.079	1.49	278	0.247686	49.5336	-114.034	50599.1	89334.1	nan	nan	0.0037	1	76.8	1
14.1662	0.08	6.95	5440	0.351624	55.725	-117.611	959488	91035.6	nan	nan	0.00052	1	280	1
14.0762	0.089	0.792	53.8	0.253949	51.4278	-116.187	7268.97	106822	nan	nan	0.0035	1	43.9	1
11.3739	0.145	0.762	52.4	0.24692	51.446	-116.171	2089.67	222141	nan	nan	0.015	1	35.1	2
11.6775	0.06	1.4	167.05	0.285314	43.6681	-115.725	60483.1	59129.4	3.63036	2.58307	0.0038	1	57.3	2
11.4861	0.095	2.78	453	0.380136	46.8406	-115.621	51994.2	117805	nan	nan	0.0005	1	84	2
13.2076	0.149822	1.69724	325.596	0.264853	45.3225	-114.44	11964.8	233314	1.8727	1.43602	0.0019	1	84.6371	2
8.50134	0.104	1.82	118	0.426238	44.2683	-114.733	10801	134936	0.494488	0.662807	0.0034	1	36.3	2
10.9992	0.09525	1.02641	86.3537	0.27236	44.0853	-115.622	9846.55	118270	4.03823	1.70516	0.004	1	41.4514	3
11.4523	0.1276	1.38	213.761	0.254825	44.7217	-115.016	11734.6	183380	3.75922	6.72384	0.0041	1	62.02	2
11.0715	0.132	2.64	445.93	0.363271	46.1508	-115.587	22490.4	192947	0.769336	0.0653098	0.0023	1	80.46	2
11.2101	0.185	3.68491	651.192	0.43579	46.0867	-115.514	14123.6	320136	2.12013	0.133589	0.0021	1	94.7897	2
5.69442	0.015	0.3	0.4	0.683331	46.8131	-114.094	4634.44	7391.17	nan	nan	0.051	1	2.5	2
7.31843	0.021	0.7	5.4	0.562956	48.9303	-115.481	26978.1	12243.5	nan	nan	0.008	1	9.1	2
6.34805	0.0226	0.4	1.4	0.552004	47.1472	-113.974	5821.33	13669.1	nan	nan	0.028	1	4.6	2
7.46266	0.027	0.8	26	0.343111	46.5194	-112.793	69299.4	17849.3	nan	nan	0.003	1	17.4	2
5.04562	0.028	0.5	2.1	0.5867	48.7611	-114.891	5110.81	18850.1	nan	nan	0.011	1	4.3	2
8.68088	0.028	0.8	9.8	0.506913	46.4636	-113.24	23850.4	18850.1	nan	nan	0.003	1	13.7	2
5.62483	0.031	0.2	0.5	0.416654	nan	nan	943.477	21959.3	nan	nan	0.035	1	2.7	9
6.1219	0.0325	0.3	3.5	0.286964	47.21	-113.541	5868.47	23572.3	nan	nan	0.008	1	6.4	2
6.61402	0.035	0.7	13.6	0.38906	47.3228	-113.979	18946.7	26343.8	nan	nan	0.016	1	11.9	2
6.31146	0.039	0.3	1.2	0.440334	48.7303	-115.642	1275.51	30986.6	nan	nan	0.022	1	4.3	2
8.80195	0.04	0.6	32	0.236824	47.0942	-113.153	31927.5	32186	nan	nan	0.004	1	22.3	2
3.32222	0.045	0.2	0.3	0.511111	46.8875	-115.925	222.975	38405.7	nan	nan	0.06	1	1.3	2
13.2659	0.05	0.7	39.6	0.253719	47.0186	-113.388	22617	44981.2	nan	nan	0.003	1	36.6	2
6.61961	0.052	0.4	4	0.362719	47.2214	-114.973	2071.18	47706.9	nan	nan	0.013	1	7.3	2
7.0837	0.058	0.3	1.9	0.366398	47.8297	-114.698	748.771	56197.7	nan	nan	0.028	1	5.8	2
7.39061	0.058	0.4	3.7	0.374208	47.7392	-115.674	1458.13	56197.7	nan	nan	0.028	1	7.9	2
6.14998	0.06	0.2	0.4	0.455554	48.2583	-115.2	144.826	59129.4	nan	nan	0.033	1	2.7	2
8.56557	0.06	0.6	12.5	0.344922	45.895	-114.182	4525.82	59129.4	nan	nan	0.015	1	14.9	2
5.8737	0.06	0.5	1.7	0.638446	47.1703	-114.231	615.512	59129.4	nan	nan	0.03	1	4.6	2
12.0174	0.065	0.6	15.7	0.314866	46.1844	-113.501	4653.52	66672.5	nan	nan	0.01	1	22.9	1
7.2414	0.07	0.4	2.3	0.452588	48.9506	-115.542	566.433	74511.5	nan	nan	0.026	1	6.4	2
6.8423	0.08	0.5	32.3	0.196618	46.7439	-114.143	5696.96	91035.6	nan	nan	0.004	1	17.4	2
6.15483	0.08	0.7	2.7	0.742825	46.9125	-113.715	476.216	91035.6	nan	nan	0.05	1	5.8	2
6.47444	0.089	0.8	20.4	0.37807	48.6017	-114.167	2756.26	106822	nan	nan	0.012	1	13.7	2
7.10995	0.1	0.5	3.7	0.46776	48.3447	-115.606	373.566	127226	nan	nan	0.042	1	7.6	2
5.20077	0.1	0.5	5.9	0.388117	47.2661	-114.407	595.686	127226	nan	nan	0.035	1	6.7	2
6.47986	0.105	0.5	9.5	0.320785	46.4714	-113.238	849.016	136886	nan	nan	0.018	1	10.1	2
5.22579	0.105	0.5	17.5	0.25124	nan	nan	1563.98	136886	nan	nan	0.01	1	10.4	9
7.37351	0.11	0.6	7.4	0.425395	48.3017	-115.592	588.729	146780	nan	nan	0.024	1	10.4	2
4.35935	0.11	0.5	5.6	0.396304	47.4914	-114.026	445.525	146780	nan	nan	0.053	1	5.5	2
6.20202	0.16	0.6	10.6	0.368437	46.1606	-113.944	330.5	257488	nan	nan	0.02	1	10.1	2
4.4246	0.165	0.4	19	0.194488	46.5367	-114.159	548.541	269651	nan	nan	0.047	1	9.1	2
5.79372	0.215	0.8	6.8	0.586706	47.8847	-113.799	101.293	401083	nan	nan	0.01	1	7.9	2
6.76288	0.0241	0.6096	5.80495	0.476277	38.5872	-77.4289	20555.2	15052.3	nan	nan	0.002	1	8.656	1
8.22408	0.0503	0.762	32.2812	0.299715	36.7783	-80.2494	18163.3	45386.7	nan	nan	0.006	1	20.909	2
6.78145	0.0578	1.03632	37.0951	0.385568	38.4903	-77.4339	14745.6	55907.3	nan	nan	0.005	1	18.227	2
7.84011	0.0904	1.64592	197.652	0.313605	36.6194	-79.5044	25682.9	109353	nan	nan	0.004	1	41.148	2
4.98038	0.022	0.5	5.2	0.408228	39.6917	-78.1325	23126.6	13128.4	nan	nan	0.011	1	6.1	2
6.01107	0.029	0.2	0.2	0.601107	39.6633	-79.4283	445.862	19868.9	nan	nan	0.047	1	2	2
3.79906	0.044	0.5	7.2	0.358402	39.7006	-78.3161	5660.65	37132.6	nan	nan	0.013	1	5.3	2
6.66037	0.051	1.5	77.2	0.416273	39.6494	-78.3439	41962.1	46337.4	nan	nan	0.004	1	24	2
6.58736	0.084	1.6	76.9	0.444717	39.3017	-79.3067	12005.9	97948	nan	nan	0.003	1	23.7	2
8.67326	0.086	1	47.8	0.336173	39.7019	-79.1364	7036.35	101467	nan	nan	0.004	1	25.8	2
4.40732	0.111	0.3	1.1	0.45593	39.6817	-78.965	85.5561	148786	nan	nan	0.013	1	2.9	3
4.25404	0.113	0.6	12.5	0.344922	39.5	-94.5833	929.778	152825	nan	nan	0.028	1	7.4	2
4.22919	0.114	0.7	16.9	0.356679	39.7897	-78.6467	1229.67	154858	nan	nan	0.006	1	8.3	2
5.99368	0.119	0.9	21.7	0.414947	39.7261	-79.0486	1418.27	165157	nan	nan	0.004	1	13	2
5.59784	0.152	0.9	32.1	0.354792	39.6561	-79.3939	1137.79	238420	nan	nan	0.021	1	14.2	2
5.79231	0.222	1	36.1	0.376124	39.57	-79.1019	496.353	420829	nan	nan	0.003	1	15.4	2
7.37177	0.0202	1.8	75.3	0.504532	39.6122	-77.2372	414555	11550.6	nan	nan	0.0013	1	26.3	2
6.46021	0.02642	1.3	55.5	0.41168	39.5197	-76.3728	156180	17277.3	nan	nan	0.0052	1	20.4	2
6.48682	0.032	1	29	0.410558	39.4517	-76.9553	50546.2	23030.4	nan	nan	0.0052	1	15.8	2
6.13862	0.03663	0.8	17.8	0.39926	39.4894	-76.9028	22130.6	28205.4	nan	nan	0.005	1	12.3	2
6.53597	0.10694	1	37.8	0.369264	39.6278	-75.9444	3227.06	140698	nan	nan	0.012	1	17.7	2
8.26134	0.13281	0.6	10.3	0.372692	39.4544	-76.4789	511.594	194725	nan	nan	0.0165	1	13.3	2
7.27826	0.01797	1.34112	59.4371	0.413217	39.6571	-75.8224	438382	9691.67	nan	nan	0.0014	1	23.622	2
6.99097	0.01873	1.49352	47.4024	0.503761	39.6041	-76.6205	315226	10313	nan	nan	0.0019	1	20.7264	2
9.35013	0.105156	0.54864	11.3267	0.32808	38.9639	-80.1528	1008.52	137192	nan	nan	0.006	1	15.636	2
12.4655	0.0339	1	38.2	0.367713	45.9608	-88.3158	57640.7	25111.7	nan	nan	0.0009	1	33.9	2
14.0481	0.0371	1.7	45.3	0.583907	46.5569	-88.0025	54554.3	28750	nan	nan	0.0018	1	40.9	2
9.04715	0.022	1.67	142	0.363191	43.0106	-108.376	631535	13128.4	2.6932	1.29173	0.001	1	41.6	1
8.52671	0.01905	0.81534	9.17466	0.53044	41.1411	-74.1161	58481.4	10578.4	nan	nan	0.002	1	13.1064	2
8.81343	0.024892	0.64008	6.42792	0.480109	42.5519	-73.5914	20993.6	15800.3	nan	nan	0.002	1	11.75	2
11.6378	0.034036	0.54864	5.5501	0.436416	41.4759	-73.6895	8291.25	25263	nan	nan	0.009	1	14.6304	2
14.4266	0.048768	1.41732	188.024	0.275497	42.1661	-75.14	114299	43329	nan	nan	0.001	1	74.2188	3
8.38472	0.058928	1.84912	85.5169	0.492582	41.6588	-73.5287	32390.2	57551.8	nan	nan	0.002	1	31.4757	2
10.7581	0.061468	1.524	114.683	0.36101	42.1447	-74.6536	39087.9	61312.7	nan	nan	0.001	1	45.4152	3
7.96053	0.068072	0.79248	34.8297	0.302372	41.845	-74.5394	9198.02	71454.4	nan	nan	0.012	1	20.8636	2
7.28277	0.076962	1.7272	142.434	0.375173	43.8133	-76.0747	27675	85899.6	nan	nan	0.002	1	33.528	2
10.1958	0.084074	1.00584	60.0317	0.308681	41.1403	-74.1686	9351.73	98077.4	nan	nan	0.004	1	33.2232	2
6.6027	0.087122	0.762	33.1307	0.296617	42.1331	-74.6956	4721.46	103459	nan	nan	0.01	1	16.9621	2
8.57815	0.103124	0.70104	25.8816	0.301217	42.12	-74.8186	2419.68	133234	nan	nan	0.01	1	19.9644	2
9.81915	0.122174	1.70688	175.564	0.341006	44.3583	-73.3944	10743.7	171809	nan	nan	0.003	1	49.149	3
11.2494	0.15748	1.87452	200.2	0.355335	42.0142	-74.2706	6494.81	251429	nan	nan	0.005	1	59.3446	2
7.28637	0.163068	1.28016	118.364	0.29944	41.89	-74.59	3519.37	264929	nan	nan	0.005	1	31.1506	2
7.6927	0.213106	0.70104	22.7384	0.317229	42.3769	-74.4131	346.287	395795	nan	nan	0.11	1	17	2
10.6231	0.0183	0.8	9.9	0.504859	42.8769	-93.7833	69770.7	9959.86	nan	nan	0.001	1	16.8333	3
11.2938	0.019	0.433333	16.4	0.22347	42.1536	-79.4072	105227	10536.8	nan	nan	0.002	1	21.9	1
10.3832	0.0207	1.46667	181.2	0.289336	nan	nan	938421	11982.1	nan	nan	0.001	1	52.6333	9
7.75549	0.0352	0.966667	22.5	0.439276	42.3931	-76.545	30902.3	26569.9	nan	nan	0.004	1	17.0667	2
7.24487	0.0372	0.3	4.4	0.261863	42.4711	-77.6722	5263.33	28866.3	nan	nan	0.014	1	8.3	2
7.40472	0.0385	0.766667	32.6	0.300368	42.3283	-76.8439	35787.5	30392.6	nan	nan	0.007	1	18.9	2
12.7647	0.0554	1	79.9	0.273725	42.1708	-79.0692	35313.3	52461.6	nan	nan	0.002	1	46.6333	2
19.8673	0.0558	0.9	104.8	0.22102	42.1383	-76.2894	45492.7	53030.8	nan	nan	0.001	1	80.9	2
4.96361	0.0559	0.7	8.5	0.469531	42.3669	-77.5589	3673.29	53173.4	nan	nan	0.012	1	7.4	2
6.95793	0.0648	0.5	7.5	0.352598	nan	nan	2240.21	66365	nan	nan	0.016	1	9.86667	9
11.1146	0.0896	1.2	89.2	0.314318	42.89	-78.6453	11851.1	107904	nan	nan	0.002	1	42.4333	2
11.2375	0.0963	0.666667	37.7	0.246437	42.3883	-77.3578	4182.55	120231	nan	nan	0.003	1	30.4	1
13.4326	0.0184	2.06667	117.2	0.485326	43.0931	-78.6364	814795	10041.6	nan	nan	0.001	1	57.2	2
8.05266	0.027	1.06667	48.7	0.355919	42.9578	-77.0683	129803	17849.3	nan	nan	0.01	1	24.1333	2
12.7121	0.0405	0.425	15.5	0.224176	42.9339	-76.0619	14992	32791.3	nan	nan	0.005	1	24.1	1
6.59383	0.0545	0.766667	12.4	0.442152	43.2536	-77.7422	5709.47	51188.4	nan	nan	0.006	1	11.4333	2
14.798	0.0706	0.9	65.4	0.266898	43.01	-77.7917	15766.4	75471.6	nan	nan	0.003	1	49.9	2
7.50947	0.028	4.19	550	0.530155	nan	nan	1.33855e+06	18850.1	nan	nan	0.0007	1	59.35	9
10.5119	0.0325	1.01803	33.9802	0.392287	nan	nan	56974.8	23572.3	nan	nan	0.0087	1	27.2796	9
5.56057	0.033	0.65	2.7	0.689766	nan	nan	4357.57	24118.3	nan	nan	0.0023	1	5.24	9
7.78273	0.039	1.16	66	0.342747	nan	nan	70153.3	30986.6	nan	nan	0.0024	1	26.34	9
7.1781	0.04	1.67	38	0.615371	nan	nan	37914	32186	nan	nan	0.002	1	19.48	9
5.59855	0.041	1.34	29.5	0.546399	nan	nan	27671.2	33400.4	nan	nan	0.0045	1	13.73	9
9.10764	0.043	1.77	67	0.519849	nan	nan	55791.6	35873.9	nan	nan	0.0018	1	31.01	9
10.5178	0.05	1.0607	33.9802	0.40873	nan	nan	19407.4	44981.2	nan	nan	0.0068	1	27.2948	9
10.2558	0.05	0.97841	33.9802	0.37702	nan	nan	19407.4	44981.2	nan	nan	0.0068	1	26.6151	9
5.62283	0.051	2.47	66	0.729816	nan	nan	35874.3	46337.4	nan	nan	0.0014	1	19.03	9
10.5818	0.0548	1.5941	82.1189	0.431591	44.9869	-115.725	37295.6	51611.6	nan	nan	0.0019	1	39.0845	2
7.8049	0.055	1.63	81	0.443739	nan	nan	36453.9	51894.4	nan	nan	0.0014	1	28.67	9
9.13933	0.057	0.69	14.2	0.376936	nan	nan	5844.76	54750.6	nan	nan	0.0032	1	16.73	9
7.5173	0.063	3.06	140	0.669274	nan	nan	44868.6	63619.1	nan	nan	0.0017	1	34.37	9
10.944	0.063	0.78	25	0.339823	nan	nan	8012.24	63619.1	nan	nan	0.0052	1	25.12	9
9.30405	0.0645	1.42951	186.891	0.278539	nan	nan	56474.8	65904.6	nan	nan	0.0022	1	47.75	9
6.01913	0.07	0.69494	16.1406	0.360673	nan	nan	3975.03	74511.5	nan	nan	0.0074	1	11.5976	9
5.20917	0.071	1.79	66	0.528895	nan	nan	15687.9	76113.9	nan	nan	0.0048	1	17.63	9
8.21671	0.072	2.64	157	0.551541	nan	nan	36035.8	77727.6	nan	nan	0.0009	1	39.33	9
5.72818	0.074	1.36	58	0.423157	nan	nan	12431.2	80988.6	nan	nan	0.0057	1	18.41	9
5.19292	0.075	1.78	64	0.532454	nan	nan	13264.5	82635.8	nan	nan	0.0044	1	17.36	9
9.52408	0.075	2.77	260	0.47296	nan	nan	53887.2	82635.8	nan	nan	0.0007	1	55.78	9
8.59966	0.077	3.6	370	0.533772	nan	nan	71802.6	85963.2	nan	nan	0.0015	1	58	9
5.62283	0.082	1.36	66	0.401842	nan	nan	10944	94470.7	nan	nan	0.0105	1	19.03	9
5.13023	0.089	1.06	36.5	0.396938	nan	nan	4931.55	106822	nan	nan	0.0137	1	13.7	9
5.9541	0.096	0.56388	5.86159	0.438848	nan	nan	655.395	119669	nan	nan	0.0186	1	7.65048	9
5.80023	0.149	0.56	4.73	0.474873	nan	nan	176.222	231396	0.05943	0	0.03	1	6.84	1
7.89981	0.104	2.09	212	0.387209	nan	nan	19405.2	134936	nan	nan	0.0036	1	42.64	9
6.51732	0.1	0.49	6.43	0.36749	nan	nan	649.197	127226	0.0433998	0.0253076	0.0146	1	8.69	1
14.1182	0.1055	1.04851	116.099	0.247158	nan	nan	10253.3	137865	nan	nan	0.0026	1	59.8932	9
8.82472	0.106	0.73	10	0.458835	nan	nan	872.772	138847	nan	nan	0.0064	1	14.04	9
8.2316	0.107	1.0668	43.8911	0.371079	nan	nan	3741.82	140816	nan	nan	0.0053	1	23.6647	9
6.5655	0.1075	0.47244	6.22971	0.358834	44.2908	-114.472	524.943	141804	nan	nan	0.0104	1	8.64413	1
9.29542	0.108	0.7681	25.4852	0.332075	nan	nan	2122.73	142795	nan	nan	0.0043	1	21.5006	9
7.79546	0.1095	0.34747	4.24753	0.307607	nan	nan	341.796	145780	nan	nan	0.0213	1	8.80567	9
6.01971	0.113	0.73	10.7	0.446584	nan	nan	795.89	152825	nan	nan	0.013	1	9.84	9
7.16068	0.1345	0.307838	2.48019	0.337957	nan	nan	119.356	198454	nan	nan	0.0153	1	6.52251	9
5.39305	0.115	0.24994	3.39802	0.241924	44.2703	-114.517	241.906	156900	nan	nan	0.0195	1	5.57174	2
5.61647	0.1175	0.93574	24.9188	0.408205	nan	nan	1681.12	162044	nan	nan	0.0158	1	12.8748	9
10.5795	0.123	0.72847	28.3168	0.301945	44.2225	-114.931	1703.91	173554	nan	nan	0.0022	1	25.524	2
6.75155	0.135	1.03937	65.1287	0.308742	nan	nan	3105.3	199562	nan	nan	0.0231	1	22.7289	9
8.83447	0.19	0.975328	39.6378	0.353379	44.9617	-115.5	804.25	333201	0.0220645	0.0147352	0.004	1	24.3832	1
10.4222	0.155	1.22834	60.3149	0.376255	nan	nan	2035.92	245513	nan	nan	0.0025	1	34.0248	9
10.6986	0.155	1.13386	56.6337	0.356175	nan	nan	1911.66	245513	nan	nan	0.0059	1	34.0584	9
8.32456	0.1575	1.16738	41.6258	0.414764	nan	nan	1349.98	251476	nan	nan	0.0055	1	23.43	9
5.87708	0.1675	0.80162	24.9188	0.349697	nan	nan	692.876	275803	nan	nan	0.0113	1	13.4722	9
12.211	0.019	0.957072	23.9561	0.424143	42.8281	-84.7594	153708	10536.8	nan	nan	0.00073	1	27.5539	2
13.0156	0.021	0.682752	18.7174	0.333963	44.6147	-84.4556	93511.2	12243.5	nan	nan	0.00155	1	26.609	2
13.0367	0.03	1.34417	125.019	0.307608	42.6158	-85.2364	256058	20905.4	nan	nan	0.0017	1	56.9671	2
6.78747	0.095	0.576072	10.3356	0.357335	46.1181	-85.3653	1186.3	117805	nan	nan	0.0179	1	10.9423	2
12.4896	0.02786	1.4	70.5	0.40289	46.1022	-84.43	173741	18708.9	nan	nan	0.00105	1	43.4	2
6.13543	0.02823	0.7	9.1	0.456894	nan	nan	21698.5	19082.8	nan	nan	0.00641	1	9.4	9
5.94159	0.02872	0.7	11.8	0.411793	40.3842	-81.8178	26951.7	19581.8	nan	nan	0.00489	1	10.1	2
6.07444	0.03123	2.1	77.3	0.58248	39.5883	-82.5786	143191	22204.2	nan	nan	0.00111	1	21.9	2
9.07375	0.03793	3.7	410.6	0.526221	38.8036	-83.4211	467872	29720.1	nan	nan	0.00064	1	63.8	2
5.97043	0.03863	0.3	1.3	0.426459	39.4664	-84.7561	1415.13	30546.6	nan	nan	0.01472	1	4.2	2
7.3997	0.0392	1.1	25.8	0.473237	nan	nan	27075.1	31225.2	nan	nan	0.00391	1	17.2	9
10.1743	0.0443	1.3	45.6	0.445339	40.8036	-83.0058	35246.9	37513	nan	nan	0.00149	1	29.7	2
4.35134	0.04898	0.6	7.9	0.414414	39.5189	-84.0797	4750.57	43611.9	nan	nan	0.02659	1	6.3	2
6.11209	0.05183	0.5	5.4	0.402111	39.7822	-81.0558	2819.07	47473.2	nan	nan	0.0397	1	7.6	2
10.3942	0.05412	1.5	82.7	0.40497	40.5378	-80.7253	38750.4	50653.9	nan	nan	0.00333	1	38.5	2
7.31627	0.05983	1.1	35.4	0.41699	41.1631	-81.5839	12908.4	58878.3	nan	nan	0.00496	1	19.3	2
15.4754	0.07493	1.9	300.2	0.306283	41.7189	-81.2281	62364.4	82520.2	nan	nan	0.00058	1	96	2
5.75229	0.09486	0.6	20.1	0.285238	38.8194	-83.9578	2315.55	117544	nan	nan	0.05042	1	12.1	2
6.94562	0.01517	1.36855	17.8396	0.682403	41.3483	-82.5139	200950	7517.18	nan	nan	0.0019	1	13.9294	2
4.51858	0.08	0.6	3.1	0.602477	39.6872	-105.7	546.767	91035.6	nan	nan	0.0363	1	4.5	2
1.94279	0.0174	0.82	170	0.165946	nan	nan	1.35907e+06	9234.22	nan	nan	0.002801	1	9.6	9
5.64015	0.0183	1.22	19	0.593188	nan	nan	133903	9959.86	nan	nan	0.00321	1	11.6	9
7.66793	0.023	0.47	6.71	0.346531	nan	nan	26703.5	14033.6	nan	nan	0.00435	1	10.4	9
8.67593	0.023	2.04	100.2	0.510055	nan	nan	398762	14033.6	nan	nan	0.00136	1	34.7	9
5.95417	0.0232	0.68	3.9	0.622898	nan	nan	15188.3	14217	nan	nan	0.002754	1	6.5	9
6.40376	0.024	0.3	1.87	0.368738	nan	nan	6690.81	14958.7	nan	nan	0.00976	1	5.21	9
5.54759	0.0269	1.96	34	0.755089	nan	nan	91466.8	17750.3	nan	nan	0.002326	1	14.4	9
13.4505	0.031	7.6	4390	0.418949	nan	nan	8.28373e+06	21959.3	nan	nan	0.00049	1	244	9
7.41803	0.034	0.29	2.69	0.308199	nan	nan	4029.22	25222.9	nan	nan	0.01876	1	6.98	9
9.34398	0.0348	0.96	24	0.425129	nan	nan	33917.9	26118.3	nan	nan	0.005072	1	21.1	9
9.8883	0.0359	1.34	60.4	0.410227	nan	nan	78970.8	27366.4	nan	nan	0.002547	1	32.3	9
8.65797	0.04	1	70	0.288599	nan	nan	69841.5	32186	nan	nan	0.0032	1	30	9
7.71476	0.04065	1.3	61	0.396411	nan	nan	58458	32973.7	nan	nan	0.0041	1	25.3	9
6.40563	0.042	1.22	45	0.420154	nan	nan	39742.5	34629.8	nan	nan	0.011352	1	18.6	9
4.24748	0.042	1.68	934.6	0.171946	nan	nan	825407	34629.8	nan	nan	0.0027	1	41.5	9
7.07815	0.0432	1.12	28	0.466325	nan	nan	23047	36124.5	nan	nan	0.009178	1	17	9
7.26764	0.046	2.04	55.2	0.647423	nan	nan	38833.8	39692.9	nan	nan	0.0021	1	22.9	9
10.7411	0.0499	3.21	424	0.450705	nan	nan	243377	44846.4	nan	nan	0.002768	1	76.5	9
13.1296	0.05	1.98	354	0.298812	nan	nan	202183	44981.2	nan	nan	0.00223	1	87	9
8.33518	0.052	0.33	2.21	0.379394	nan	nan	1144.33	47706.9	nan	nan	0.01595	1	7.25	9
6.33694	0.0547	2.08	27	0.878722	nan	nan	12318.6	51470.4	nan	nan	0.009857	1	15	9
10.8636	0.058	1.63	167	0.332227	nan	nan	65813	56197.7	nan	nan	0.002	1	53.3	9
6.90775	0.061	0.73	12.2	0.423753	nan	nan	4238.39	60613.8	nan	nan	0.00626	1	11.9	9
15.7702	0.063	2.32	489.9	0.307453	nan	nan	157008	63619.1	nan	nan	0.0036	1	119	9
10.4852	0.0636	1.05	36.5	0.393193	nan	nan	11423.9	64530.1	nan	nan	0.009598	1	28	9
8.69066	0.07	1.65	114	0.391792	nan	nan	28075.4	74511.5	nan	nan	0.00343	1	36.6	9
8.66234	0.073	3.8	1841	0.296549	nan	nan	408237	79352.5	nan	nan	0.0016	1	111	9
5.75522	0.0838	1.9	100	0.475431	nan	nan	15705.6	97598.4	nan	nan	0.005744	1	23	9
7.29582	0.085	0.46	9.77	0.291833	nan	nan	1480.86	99702.2	nan	nan	0.02223	1	11.5	9
10.4524	0.018	1.78	226.2	0.321334	41.5461	-109.693	1.66141e+06	9715.95	nan	nan	0.0008	1	57.9	1
13.7645	0.02	0.92	109.3	0.222164	33.98	-111.303	616894	11379.5	nan	nan	0.0012	1	57	2
7.53835	0.035	0.55	22.2	0.251278	33.2472	-108.88	30927.8	26343.8	nan	nan	0.004	1	16.5	2
9.85527	0.042	0.7	27.5	0.293561	38.5211	-106.941	24287.1	34629.8	nan	nan	0.0036	1	23.5	1
6.96744	0.045	2.41	368.2	0.358028	41.7069	-76.485	273664	38405.7	nan	nan	0.0042	1	46.9	2
17.7922	0.06	2.49	10.9	1.51204	43.9144	-122.688	3946.52	59129.4	nan	nan	0.0042	1	29.3	3
2.94122	0.076	0.5	4.5	0.432533	36.4394	-105.504	902.286	84294	nan	nan	0.0154	1	3.4	2
5.03102	0.051	0.3	0.86	0.503102	nan	nan	467.454	46337.4	0.0126708	0.0110953	0.055	1	3	9
5.11111	0.038	0.17	0.3	0.434444	nan	nan	340.273	29802.4	0.0132665	0.00789849	0.054	1	2	9
5.93017	0.129	0.47	4.41	0.40988	nan	nan	235.575	186406	0.117559	0.0682388	0.025	1	6.8	9
6.43384	0.076	0.43	4.75	0.36402	nan	nan	952.413	84294	0.089855	0.0640489	0.0119	1	7.6	9
7.98163	0.082	0.36	4.59	0.308966	nan	nan	761.103	94470.7	0.0968735	0.0682021	0.019	1	9.3	9
6.61346	0.091	0.38	3.61	0.359017	nan	nan	461.391	110443	0.0487495	0.0310182	0.015	1	7	9
7.96335	0.079	0.34	3.37	0.330188	nan	nan	613.377	89334.1	0.0565447	0.0368906	0.02	1	8.2	9
5.68365	0.146	0.38	2.63	0.407507	nan	nan	103.095	224443	0.0207606	0.0228449	0.051	1	5.3	9
6.43295	0.046	0.4	1.84	0.494842	nan	nan	1294.46	39692.9	0.00233791	0.00153731	0.021	1	5.2	9
6.56761	0.068	0.27	1.92	0.32838	nan	nan	508.387	71341.1	0.0313271	0.0216035	0.025	1	5.4	9
7.54278	0.058	0.43	5.95	0.332656	nan	nan	2344.84	56197.7	0.17165	0.218318	0.02	1	9.75	9
5.86576	0.115	0.89	21.86	0.409132	nan	nan	1556.22	156900	0.313187	0.166817	0.0091	1	12.76	9
3.66306	0.023	0.16	0.05	0.83727	nan	nan	198.983	14033.6	0.00119723	0.000766487	0.0718	1	0.7	9
7.77842	0.051	0.444993	3.879	0.408507	nan	nan	2108.43	46337.4	0.0711839	0.0320713	0.0202	1	8.47316	9
9.49425	0.04	0.238453	1.3279	0.336102	nan	nan	1324.89	32186	0.0137314	0.00500228	0.0233	1	6.73586	9
7.28221	0.067	0.466329	5.46435	0.373259	nan	nan	1501.47	69773.2	0.298086	0.202877	0.0077	1	9.09798	9
8.14539	0.134	0.603484	12.1745	0.350606	nan	nan	591.364	197348	0.0386076	0.0407315	0.0268	1	14.0203	2
7.18426	0.068	1.018	11.7498	0.599886	nan	nan	3111.17	71341.1	0.016998	0.00207041	0.0097	1	12.1916	1
7.08662	0.057	0.679682	9.34319	0.438977	nan	nan	3845.68	54750.6	0.036186	0.024451	0.0059	1	10.9724	1
11.7112	0.09	2.76445	453.003	0.378008	nan	nan	59519.6	108628	1.64783	0.831218	0.0005	1	85.646	2
8.95961	0.075	0.679682	17.7238	0.339795	nan	nan	3673.41	82635.8	0.136161	0.116059	0.0108	1	17.9217	9
7.0839	0.095	0.6	7.25	0.428894	nan	nan	832.136	117805	0.0284232	0.0235177	0.0146	1	9.91	9
9.89539	0.038	1.64	70.78	0.471209	nan	nan	80281.8	29802.4	2.02037	1.84643	0.0025	1	34.44	2
5.23754	0.027	0.22	0.62	0.420533	nan	nan	1652.52	17849.3	0.00437317	0.00378768	0.024	1	2.74	9
7.6945	0.0834	0.51193	5.12	0.420568	nan	nan	813.805	96900.4	0.0651413	0.0637359	0.01	1	9.36601	9
6.83982	0.075	0.390131	2.55947	0.422946	nan	nan	530.472	82635.8	0.0426545	0.0308733	0.0414	1	6.30915	2
8.5339	0.05	0.789406	24.07	0.349176	nan	nan	13747.3	44981.2	0.330902	0.240065	0.004	1	19.2932	1
11.0922	0.0839	0.39	2.43526	0.431301	nan	nan	381.335	97773.1	0.0211854	0.0196285	0.0053	1	10.03	2
7.10989	0.0751	0.6096	8.21193	0.414573	nan	nan	1696.33	82801.2	0.0616904	0	0.0056	1	10.4546	2
8.42288	0.039	0.55	5.37	0.443309	nan	nan	5707.93	30986.6	0.0177138	0.00651979	0.0067	1	10.45	2
8.70458	0.016	0.64	8.92	0.421083	nan	nan	87948.9	8142.48	0.261126	0.151101	0.0012	1	13.23	1
8.21434	0.048	0.42	3.09	0.422279	nan	nan	1954.43	42309.5	0.0091096	0.011656	0.0051	1	8.17	2
10.9338	0.043	0.46	3.71	0.429875	nan	nan	3089.36	35873.9	0.000882077	0.000735617	0.001	1	11.7	1
9.41658	0.015	0.71	3.64	0.668577	nan	nan	42173.4	7391.17	0.287531	0.223838	0.006	1	10	9
6.52565	0.08	0.51	7.8	0.354051	nan	nan	1375.74	91035.6	0.102985	0.0683705	0.0206	1	9.4	9
7.03806	0.045	0.4	1.4	0.552004	nan	nan	1040.55	38405.7	0.0266291	0.0356976	0.004	1	5.1	9
8.79408	0.06	0.4	7.1	0.28833	nan	nan	2570.67	59129.4	0.0450086	0.0115855	0.0144	1	12.2	9
5.80315	0.058	0.41	2	0.490575	nan	nan	788.18	56197.7	0.0356331	0.0228348	0.0102	1	4.85	9
8.25962	0.022	1	19.6	0.48021	nan	nan	87169.6	13128.4	4.5322	3.63651	0.01	1	17.2	1
12.7281	0.054	5.12	2607	0.347654	nan	nan	1.22835e+06	50485.6	17.8335	17.7437	0.00094	1	187.45	9
10.5023	0.074	5.27	2210	0.382285	nan	nan	473673	80988.6	5.41803	3.70932	0.0003	1	144.78	9
3.77441	0.063	0.42	2.98	0.428446	nan	nan	955.059	63619.1	0.206204	0.149651	0.01	1	3.7	9
7.56259	0.0784	2.6	1.13	3.90909	nan	nan	209.63	88318.3	0.0159155	0.0159768	0.0349	1	5.03	9
7.43876	0.0761	0.78	16.99	0.396598	nan	nan	3395.45	84460.5	0.343555	0.15965	0.0117	1	14.63	9
10.4014	0.0421	0.74	31.15	0.295245	nan	nan	27347.5	34753.6	0.210733	0.0724312	0.0029	1	26.07	9
5.55163	0.0489	0.65	7.93	0.448268	nan	nan	4788.14	43505.1	0.0699172	0.0660522	0.0163	1	8.05	9
4.8967	0.00025	0.4	4	0.362719	39.9722	-75.8508	1.29234e+09	15.9033	nan	nan	0.009	2	5.4	3
12.189	0.0008	0.6	28.3	0.248754	40.3739	-75.5228	4.99145e+08	91.0356	nan	nan	0.004	2	29.4	1
4.32776	6.2e-05	0.2	0.4	0.455554	46.6664	-113.15	4.21936e+09	1.9641	nan	nan	0.031	2	1.9	3
6.86416	0.00014	0.6	1.8	0.748818	38.6817	-75.8981	2.47809e+09	6.66451	nan	nan	0.0014	2	5.5	1
6.10437	0.00019	0.9	2.2	1.03659	38.9647	-76.1086	1.41158e+09	10.5368	nan	nan	0.0002	2	5.3	2
8.39395	0.00025	1.5	19.1	0.727799	38.8142	-76.7486	6.1709e+09	15.9033	nan	nan	0.0002	2	17.3	2
6.41986	0.00026	0.9	7.7	0.628029	38.3331	-76.725	2.2554e+09	16.8669	nan	nan	0.001	2	9.2	1
7.10471	0.00027	0.4	1	0.63153	38.9056	-75.5125	2.66536e+08	17.8493	nan	nan	0.0007	2	4.5	2
10.4778	0.00032	1.2	9.6	0.766667	38.7283	-75.5617	1.67325e+09	23.0304	nan	nan	0.0004	2	16.4	3
12.4621	0.00033	0.3	1.1	0.45593	38.9167	-76.0617	1.77531e+08	24.1183	nan	nan	0.0013	2	8.2	2
14.2433	0.00041	1.2	19.5	0.577432	nan	nan	1.82911e+09	33.4004	nan	nan	0.0003	2	29.6	9
6.0068	0.00064	0.5	2.4	0.556185	38.7122	-75.7928	7.39481e+07	65.1398	nan	nan	0.0023	2	5.4	3
8.39306	0.00067	0.9	6.3	0.680519	38.2289	-75.4714	1.73109e+08	69.7732	nan	nan	0.0003	2	11.1	2
10.6677	0.001	0.7	2.8	0.732097	38.9758	-75.5675	2.82699e+07	127.226	nan	nan	0.0004	2	10.2	2
5.6092	0.00036	1.2	29.2	0.491317	39.1744	-77.0214	3.79133e+09	27.4809	nan	nan	0.0022	2	13.7	1
6.44532	0.00063	1.2	18.8	0.585938	nan	nan	6.02521e+08	63.6191	nan	nan	0.0008	2	13.2	9
7.94511	0.00015	1.04	6.14	0.794511	nan	nan	7.11387e+09	7.39117	nan	nan	0.00058	2	10.4	9
9.38927	0.00022	1.37	8.81	0.905866	29.9981	-82.2742	3.91818e+09	13.1284	nan	nan	0.00038	2	14.2	2
13.1283	0.0003	1.46	37.66	0.539926	30.7083	-86.9722	7.71334e+09	20.9054	nan	nan	0.0006	2	35.5	1
7.36278	0.00034	1.43	9.97	0.899895	nan	nan	1.49336e+09	25.2229	nan	nan	0.0004	2	11.7	9
6.05181	0.00036	1.68	11.27	1.00664	nan	nan	1.4633e+09	27.4809	nan	nan	0.0005	2	10.1	9
7.75971	0.00038	1.49	14.95	0.797377	nan	nan	1.69569e+09	29.8024	nan	nan	0.00018	2	14.5	9
13.9759	0.0004	0.27	0.48	0.571743	nan	nan	4.78913e+07	32.186	nan	nan	0.00047	2	6.6	9
8.29675	0.00041	1.62	12.43	0.933384	nan	nan	1.16594e+09	33.4004	nan	nan	0.001	2	14.4	9
7.88924	0.00043	0.94	7.19	0.674171	30.5572	-86.5197	5.98719e+08	35.8739	nan	nan	0.00128	2	11	2
11.3957	0.00045	2.01	75.04	0.564174	30.6972	-86.5708	5.57734e+09	38.4057	nan	nan	0.0012	2	40.6	1
7.77084	0.00048	2.44	16.76	1.24742	30.6689	-86.1867	1.06007e+09	42.3095	nan	nan	0.004	2	15.2	2
7.74478	0.00055	1.07	7.36	0.760268	nan	nan	3.31235e+08	51.8944	nan	nan	0.00017	2	10.9	9
6.69664	0.00057	1.92	37.1	0.714308	nan	nan	1.52705e+09	54.7506	nan	nan	0.00305	2	18	9
6.45691	0.00059	0.61	1.27	0.87527	nan	nan	4.79556e+07	57.6573	nan	nan	0.0008	2	4.5	9
13.3176	0.00061	0.37	0.65	0.694017	nan	nan	2.25816e+07	60.6138	nan	nan	0.0002	2	7.1	9
11.1205	0.00071	0.18	0.2	0.540996	nan	nan	4.7539e+06	76.1139	nan	nan	0.00011	2	3.7	9
10.9966	0.00086	2.29	35.68	0.865365	30.5122	-84.5236	5.25224e+08	101.467	nan	nan	0.0012	2	29.1	1
6.43438	0.00121	0.3	0.59	0.584944	nan	nan	3.69874e+06	169.338	nan	nan	0.0026	2	3.3	9
4.41701	0.00131	1.46	7.02	1.05719	30.0981	-83.4719	3.60848e+07	190.758	nan	nan	0.00197	2	6.1	2
7.1791	0.00135	2.23	10.62	1.36832	30.1706	-83.8239	5.06356e+07	199.562	nan	nan	0.00051	2	11.7	2
19.5962	0.0001	0.6	1.4	0.828007	45.9308	-87.9717	4.46986e+09	4.02324	nan	nan	0.0012	2	14.2	2
14.1577	0.0008	1.2	25.2	0.521141	45.9097	-87.7567	4.44469e+08	91.0356	nan	nan	0.0002	2	32.6	1
10.1824	6e-05	0.266667	1.1	0.405271	42.9425	-78.1625	1.25945e+10	1.86984	nan	nan	0.003	2	6.7	3
13.4606	0.0002	0.566667	2.5	0.620134	42.4078	-78.5256	1.41101e+09	11.3795	nan	nan	0.001	2	12.3	1
8.67202	0.0001	1.6	29.7	0.650656	43.145	-77.5122	9.48248e+10	4.02324	nan	nan	0.0005	2	21.325	2
5.29813	0.0001	0.5	2.2	0.575884	43.0058	-77.0147	7.02406e+09	4.02324	nan	nan	0.004	2	4.6	3
5.4492	0.0005	0.5	1.3	0.710766	43.21	-76.9919	7.42478e+07	44.9812	nan	nan	0.007	2	3.83333	3
30.0215	0.00019	5.33	2605	0.362024	nan	nan	1.67143e+12	10.5368	nan	nan	9e-05	2	442	9
29.9169	0.00022	8.22	9055	0.339196	nan	nan	4.02714e+12	13.1284	nan	nan	7e-05	2	725	9
22.888	0.00025	3.53	1058	0.343807	nan	nan	3.41823e+11	15.9033	nan	nan	0.00036	2	235	9
12.9717	0.00026	2.01	96	0.511236	nan	nan	2.81192e+10	16.8669	nan	nan	0.00033	2	51	9
29.2922	0.00028	2.07	396	0.298694	nan	nan	9.63753e+10	18.8501	nan	nan	0.0003	2	203	9
8.98418	0.00029	3.77	148	0.806437	nan	nan	3.29938e+10	19.8689	nan	nan	0.0002	2	42	9
11.0752	0.00031	1.73	48	0.580609	nan	nan	9.05738e+09	21.9593	nan	nan	0.00051	2	33	9
20.0699	0.00031	13.92	16950	0.446998	nan	nan	3.19839e+12	21.9593	nan	nan	9e-05	2	625	9
25.3117	0.00031	11.34	16300	0.369889	nan	nan	3.07573e+12	21.9593	nan	nan	7e-05	2	776	9
6.79106	0.00042	1.17	13	0.662129	nan	nan	1.14812e+09	34.6298	nan	nan	0.003	2	12	9
11.7853	0.00021	2.5	54.7	0.796304	41.5044	-84.4297	2.73278e+10	12.2435	nan	nan	0.00012	2	37	1
7.43885	0.00015	5	210	0.929857	nan	nan	2.43308e+11	7.39117	nan	nan	5e-05	2	40	9
14.4504	0.0002	2.6	107.3	0.63251	nan	nan	6.05606e+10	11.3795	nan	nan	0.00022	2	59.4	9
12.8274	0.00026	1.1	7.93	0.758608	nan	nan	2.32277e+09	16.8669	nan	nan	0.000792	2	18.6	9
11.553	0.00032	5	608.9	0.607415	nan	nan	1.0613e+11	23.0304	nan	nan	0.00022	2	95.1	9
5.58146	0.00033	7.2	396.5	1.03841	nan	nan	6.39917e+10	24.1183	nan	nan	0.0007	2	38.7	9
51.8845	0.00035	10.6	28000	0.278469	nan	nan	3.9008e+12	26.3438	nan	nan	0.000106	2	1975	9
32.6892	0.0004	4.4	290	0.719163	nan	nan	2.89343e+10	32.186	nan	nan	0.0005	2	200	9
4.70145	0.00043	3.3	164	0.677501	nan	nan	1.36565e+10	35.8739	nan	nan	0.00124	2	22.9	9
11.8225	0.00056	2.9	141.6	0.631403	nan	nan	6.09198e+09	53.3161	nan	nan	0.000273	2	54.3	9
8.27659	0.0427	1.3	1.19	1.91451	22.1581	-159.474	1008.42	35499.2	nan	nan	0.09	3	5.62	9
11.0799	0.0967	2.4	3.29	2.35324	22.1498	-159.47	361.239	120981	nan	nan	0.04	3	11.3	9
11.2824	0.1004	1.6	2.88	1.65461	22.1523	-159.474	287.888	127990	nan	nan	0.08	3	10.91	9
13.2716	0.2286	2.41	12.6	1.38103	nan	-159.472	161.007	439735	nan	nan	0.11	3	23.16	9
12.0749	0.2286	2.13	17.59	1.06809	22.1095	-159.462	224.771	439735	nan	nan	0.02	3	24.08	9
13.041	0.2286	1.74	46.6	0.59092	nan	-159.469	595.471	439735	nan	nan	0.02	3	38.4	9
6.85448	0.2286	1.74	1.67	2.23767	22.1378	-159.47	21.3399	439735	nan	nan	0.02	3	5.33	9
7.64718	0.3048	1.4	4.5	1.21109	22.09	-159.473	28.0118	677016	nan	nan	0.08	3	8.84	9
11.4413	0.3048	2.23	20.76	1.04652	22.1114	-159.461	129.228	677016	nan	nan	0.03	3	24.38	9
11.6869	0.3048	2.16	5.07	1.78149	22.1335	-159.468	31.5599	677016	nan	nan	0.02	3	14.17	9
8.59783	0.3048	1.13	1.88	1.38595	22.1434	-159.471	11.7027	677016	nan	nan	0.02	3	7.01	9
7.31806	0.3048	0.64	8.04	0.438946	22.091	-159.474	50.0477	677016	nan	nan	0.07	3	10.67	9
9.65302	0.6096	1.58	2.97	1.61394	nan	-159.46	3.26821	1.91489e+06	nan	nan	0.05	3	9.45	9
11.3106	0.042	0.7	59.4	0.215733	nan	nan	52460.1	34629.8	nan	nan	0.02	3	36.7	9
6.55746	0.06	1.2	39.1	0.437164	nan	nan	14156.8	59129.4	nan	nan	0.0053	3	18	9
11.01	0.11	3.5	100	0.875794	nan	nan	7955.8	146780	nan	nan	0.004	3	44	9
6.13056	0.11	1.1	100	0.275249	nan	nan	7955.8	146780	nan	nan	0.004	3	24.5	9
8.00726	0.11	1.4	100	0.350318	nan	nan	7955.8	146780	nan	nan	0.003	3	32	9
1.28921	0.08	1.4	60	0.429736	nan	nan	10582.6	91035.6	nan	nan	0.107	3	4.2	9
1.39414	0.11	0.9	25	0.392103	nan	nan	1988.95	146780	nan	nan	0.139	3	3.2	9
5.04118	0.11	1.7	370	0.252059	nan	nan	29436.5	146780	nan	nan	0.034	3	34	9
2.836	0.19	2	440	0.276683	nan	nan	8927.59	333201	nan	nan	0.017	3	20.5	9
4.71836	0.24	2	390	0.290361	nan	nan	4412.68	473035	nan	nan	0.024	3	32.5	9
4.64702	0.3	2.2	360	0.329788	nan	nan	2331.66	661087	nan	nan	0.034	3	31	9
2.40528	0.1	0.9	8	0.618501	nan	nan	807.71	127226	nan	nan	0.022	3	3.5	9
0.962112	0.1	1.4	8	0.962112	nan	nan	807.71	127226	nan	nan	0.144	3	1.4	9
1.89326	0.03	2.4	56	0.757303	nan	nan	114697	20905.4	nan	nan	0.094	3	6	9
3.17379	0.03	0.9	4	0.816117	nan	nan	8192.61	20905.4	nan	nan	0.02	3	3.5	9
2.2088	0.05	2.8	56	0.88352	nan	nan	31983.7	44981.2	nan	nan	0.103	3	7	9
3.62719	0.05	0.8	4	0.725437	nan	nan	2284.55	44981.2	nan	nan	0.02	3	4	9
3.5106	0.08	1	150	0.212764	nan	nan	26456.5	91035.6	nan	nan	0.009	3	16.5	9
0.789412	0.001	0.8	1	1.26306	nan	nan	1.00964e+07	127.226	nan	nan	0.019	3	0.5	9
0.906796	0.002	0.9	4	0.816117	nan	nan	7.13922e+06	359.85	nan	nan	0.098	3	1	9
1.97596	0.04	4	680	0.464933	nan	nan	678460	32186	nan	nan	0.025	3	17	9
2.60324	0.04	1.1	13	0.622514	nan	nan	12970.6	32186	nan	nan	0.161	3	4.6	9
6.97633	0.1	10.5	1770	0.832403	nan	nan	178706	127226	nan	nan	0.001	3	88	9
2.90508	0.1	2.7	230	0.48418	nan	nan	23221.7	127226	nan	nan	0.012	3	16.2	9
2.78275	0.12	1.9	490	0.251773	nan	nan	31362.3	167243	nan	nan	0.002	3	21	9
3.67849	0.14	1	13	0.565922	nan	nan	565.964	210750	nan	nan	0.01	3	6.5	9
6.57862	0.15	0.8	25	0.348536	nan	nan	915.962	233729	nan	nan	0.014	3	15.1	9
4.81153	0.15	1	21	0.467139	nan	nan	769.408	233729	nan	nan	0.008	3	10.3	9
2.40215	0.16	1.6	108	0.388226	nan	nan	3367.36	257488	nan	nan	0.022	3	9.9	9
3.4814	0.19	4.1	290	0.670129	nan	nan	5884.09	333201	nan	nan	0.011	3	21.3	9
2.77771	0.2	1	140	0.218717	nan	nan	2498.73	359850	nan	nan	0.007	3	12.7	9
10.2468	0.24	1.1	4	0.997476	nan	nan	45.2582	473035	nan	nan	0.199	3	11.3	9
8.08255	0.25	5.5	1772	0.435824	nan	nan	18104.2	502906	nan	nan	0.002	3	102	9
2.98617	0.4	5.6	2640	0.378338	nan	nan	8329.51	1.01781e+06	nan	nan	0.007	3	44.2	9
3.3128	0.55	1.4	490	0.185517	nan	nan	697.356	1.64105e+06	nan	nan	0.009	3	25	9
2.83101	0.15	7.7	2500	0.531678	nan	nan	91596.2	233729	nan	nan	0.008	3	41	9
4.28104	0.37	5.1	2500	0.35215	nan	nan	9585.2	905480	nan	nan	0.018	3	62	9
1.07359	0.003	14	340	2.14719	nan	nan	2.20212e+08	661.087	nan	nan	0.018	3	7	9
0.582808	0.003	12.7	340	1.94781	nan	nan	2.20212e+08	661.087	nan	nan	0.026	3	3.8	9
0.251417	0.005	8	320	1.25708	nan	nan	5.7795e+07	1422.43	nan	nan	0.021	3	1.6	9
0.834328	0.16	8.5	105	2.08582	nan	nan	3273.82	257488	nan	nan	0.021	3	3.4	9
0.808077	0.16	2.2	70	0.634917	nan	nan	2182.55	257488	nan	nan	0.043	3	2.8	9
1.30118	0.18	13	100	3.25295	nan	nan	2322.65	307245	nan	nan	0.008	3	5.2	9
1.19788	0.23	1.8	16	0.937472	nan	nan	201.357	443781	nan	nan	0.026	3	2.3	9
3.44761	6.2e-05	0.1	1.7	0.127689	46.6194	-113.034	1.79323e+10	1.9641	nan	nan	0.012	4	2.7	2
3.27432	0.006	0.9	3.7	0.841968	31.1641	34.5649	423632	1869.84	14.61	nan	0.0088	4	3.5	9
2.61402	0.018	1.2	25	0.522804	31.2307	35.0148	183622	9715.95	nan	nan	0.0075	4	6	9
13.5348	0.036	1.81	129	0.40905	-42.3856	-71.4445	167494	27480.9	nan	nan	0.0008	6	59.89	9
15.5666	0.0427	0.91	100	0.227706	46.1362	12.2132	84741.4	35499.2	nan	nan	0.0034	6	62.21	2
10.0929	0.027	1.1	166	0.224741	51.9973	-115.378	442450	17849.3	nan	nan	0.0057	6	49.4	1
16.4315	0.043	2.38	510	0.310372	49.5566	-113.772	424683	35873.9	nan	nan	0.0016	6	126	1
11.5713	0.047	1.28	187	0.249349	52.0563	-114.139	124670	40994.3	nan	nan	0.0021	6	59.4	1
15.062	0.07	1.37	203	0.258259	54.3432	-114.835	49993.8	74511.5	nan	nan	0.0033	6	79.9	1
74.5904	0.046	0.5	280	0.0828783	nan	nan	196983	39692.9	nan	nan	0.0065	6	450	9
19.8796	0.0003	2.2	850	0.233878	nan	nan	1.74093e+11	20.9054	nan	nan	0.00031	6	187	9
33.5096	0.00031	7.92	9621	0.318985	nan	nan	1.81544e+12	21.9593	nan	nan	4e-05	6	832	9
21.4166	0.00033	3.76	1133	0.356311	nan	nan	1.82857e+11	24.1183	nan	nan	0.00027	6	226	9
19.7733	0.00038	2.97	850	0.315735	nan	nan	9.64107e+10	29.8024	nan	nan	0.0003	6	186	9
16.1675	0.00039	1.25	229	0.224548	nan	nan	2.43411e+10	30.9866	nan	nan	0.00127	6	90	9
9.85259	0.00044	2.53	55	0.804098	nan	nan	4.32411e+09	37.1326	nan	nan	0.00053	6	31	9
43.6219	0.00045	3	1500	0.254108	nan	nan	1.11487e+11	38.4057	nan	nan	0.00013	6	515	9
54.8424	0.0003	3	1240	0.274212	nan	nan	2.53971e+11	20.9054	nan	nan	0.0003	6	600	9
15.3211	0.06	2.26	878	0.237162	nan	nan	317894	59129.4	nan	nan	0.00649	6	146	9
13.5625	0.088	1.87	510	0.243864	nan	nan	70880.9	105027	nan	nan	0.00231	6	104	9
5.97043	0.0046	0.4	1.3	0.568613	37.3233	-84.4111	289211	1255.2	nan	nan	0.0063	7	4.2	2
10.1657	0.0062	1.2	33.4	0.465604	38.3894	-84.5433	3.52316e+06	1964.1	nan	nan	0.0016	7	26.2	3
8.89595	0.0145	0.93	17	0.472756	39.9406	-80.2892	214385	7024.71	nan	nan	0.001	7	17.5	1
8.89595	0.0032	0.9	17	0.457506	39.9764	-75.4369	9.37e+06	728.285	nan	nan	0.002	7	17.5	2
13.8023	0.0038	0.8	33.7	0.309294	40.3939	-75.5158	1.20875e+07	942.436	nan	nan	0.002	7	35.7	2
6.14998	0.0076	0.2	0.4	0.455554	39.4658	-77.6586	25362.5	2665.61	nan	nan	0.0123	7	2.7	2
4.5593	0.0141	0.5	1.1	0.759883	36.8914	-82.0389	14876.8	6736.05	nan	nan	0.0066	7	3	2
17.5434	0.011	1.00584	18.0265	0.499457	38.9972	-75.7858	453519	4641.58	nan	nan	0.0002	7	35.33	2
9.01661	0.005	0.2	0.2	0.601107	47.4131	-115.413	36121.9	1422.43	nan	nan	0.014	7	3	2
5.27606	0.0052	0.7	7.8	0.485953	46.2789	-112.919	1.27718e+06	1508.63	nan	nan	0.007	7	7.6	2
5.62541	0.0057	0.6	1.6	0.784941	46.6483	-113.958	208256	1731.37	nan	nan	0.01	7	4.3	1
5.69442	0.006	0.4	0.4	0.911108	46.0242	-114.151	45798.1	1869.84	nan	nan	0.05	7	2.5	2
9.26076	0.009	0.5	5.5	0.399171	46.7778	-112.768	228519	3435.11	nan	nan	0.004	7	11.6	1
5.17868	0.014	0.3	0.8	0.517868	48.3031	-115.595	11013.8	6664.51	nan	nan	0.049	7	3	2
3.64187	0.002	0.2	0.7	0.364187	39.4942	-79.4206	1.24936e+06	359.85	nan	nan	0.023	7	2	2
5.87778	0.00693	0.2	0.3	0.511111	nan	nan	23958.2	2321.01	nan	nan	0.01	7	2.3	9
6.63722	0.01311	1	13.2	0.562476	38.2417	-76.5036	214157	6039.22	nan	nan	0.0014	7	11.8	2
5.9915	0.01321	1	15.3	0.530221	38.5961	-77.0558	243557	6108.45	nan	nan	0.0014	7	11.3	2
5.80535	0.00283	1.8	72.5	0.512237	39.1281	-77.3356	5.43297e+07	605.698	nan	nan	0.0014	7	20.4	1
7.08758	0.0077	1	25.9	0.42955	39.3917	-76.6608	1.58942e+06	2718.4	nan	nan	0.0016	7	16.5	2
7.30757	0.01454	1.2	39.3	0.436273	39.6606	-77.2208	492206	7053.8	nan	nan	0.0025	7	20.1	2
11.1956	0.0079	0.9	6.4	0.676245	46.0586	-88.6272	368364	2824.99	nan	nan	0.0028	7	14.9	3
7.35455	0.0048	0.866667	3.4	0.838676	43.1031	-77.5333	680051	1337.95	nan	nan	0.003	7	7.6	3
9.06942	0.0109	1.1	12.3	0.63645	43.0278	-77.4781	316595	4578.43	nan	nan	0.003	7	15.675	2
6.1852	0.00554	0.8	9.4	0.515434	39.3336	-82.3322	1.31377e+06	1658.98	nan	nan	0.00137	7	9.6	2
10.0353	0.01294	0.8	5	0.663492	41.1544	-81.1475	83810.8	5922.13	nan	nan	0.00157	7	12.1	2
12.3267	0.01471	2.31953	291.664	0.378251	40.0592	-82.3397	3.54826e+06	7177.87	nan	nan	0.0003	7	75.5904	1
15.7792	0.0027	0.7	2.2	0.806237	nan	nan	1.85429e+06	564.446	nan	nan	0.0048	7	13.7	9
14.7257	0.00371	3	1003	0.298493	nan	nan	3.81972e+08	909.154	nan	nan	0.0006	7	148	9
19.157	0.013	8.5	5310	0.434225	nan	nan	8.79836e+07	5963.37	nan	nan	0.000275	7	375	9
5.82356	0.0139	0.82	14	0.450502	nan	nan	196226	6593.24	nan	nan	0.006998	7	10.6	9
6.82987	0.009	0.52	4.45	0.451849	nan	nan	184892	3435.11	1.1311	0.383465	0.0026	7	7.86	2
6.95464	0.005	1.2	20	0.571614	nan	nan	3.61219e+06	1422.43	1.2434	1.01078	0.007	7	14.6	9
